000550
000990
002539
300091
002568
002349
300014
002378
002614
600807
600378
600081
002485
002620
002175
300305
002555
002665
600689
000014
600086
002489
002213
601199
000513
300373
000023
300152
002445
002584
300306
002713
002599
002473
300321
002136
002319
002451
002157
600355
002424
002173
002722
002390
002509
002210
002131
600745
300329
600452
002676
002098
600735
300094
600768
300135
002153
300357
300280
000411
000668
002619
002639
300209
300153
300187
002569
300250
002634
300338
002702
300176
300089
300379
600975
601996
000700
002041
600079
000820
002089
600980
002705
002169
600353
000748
600731
000798
002193
000590
300008
600446
600493
600211
000150
002518
300191
002268
600071
002536
600693
002468
600420
600310
600146
600856
002611
600682
002287
600883
002651
000156
002417
300309
300169
300143
002295
000008
600520
002577
002435
002141
600559
002418
002085
000711
002034
002572
300213
600774
300263
300206
002645
300049
300385
300174
300377
300151
002517
300240
300316
300260
300288
002707
300348
300277
300350
002714
002403
002176
600833
600551
000622
002217
000524
600370
300037
600180
000929
002674
002646
300156
600573
600576
002664
002288
002412
600483
000887
600594
600379
600235
601113
000032
600165
002020
002593
002053
002470
002127
600055
600566
002442
601007
600960
002184
002224
002124
002400
601801
002662
002119
600885
002113
300073
000567
002397
300084
002631
002721
300327
600233
300020
002096
002679
300115
300128
002637
601222
002221
002547
002512
002371
002659
000710
600647
300221
002357
300325
002616
002719
002413
300130
600753
002354
300041
002640
300246
300372
300230
000038
300387
300340
300242
300268
300211
300354
300077
002416
002054
600686
002055
002578
002211
000566
000797
600563
600475
600114
000576
002531
002393
600681
000502
000863
300273
000715
002235
002462
002358
300147
002681
601231
601566
300030
002137
002542
000801
000626
601388
000909
600479
000695
002381
002219
000517
000662
600568
300086
600338
002715
600337
300194
002350
002290
002668
603123
002201
002567
300183
000810
002370
300065
002626
002103
600976
601100
002459
002708
002434
002488
300308
002058
002582
300204
002279
002695
300093
002647
002537
300018
002627
002188
600306
300219
002329
600137
002356
002366
601567
300168
002644
300109
002180
300265
002580
002692
600763
002508
002352
300301
300171
300381
002293
300324
300013
300341
000803
002159
000526
300007
300038
002612
300237
300063
300140
300261
600455
300125
002712
300318
300317
300333
603366
002111
603328
600962
300072
601636
000697
300064
002035
000617
000815
600513
002149
600532
002484
002016
600371
002100
600826
002269
600571
600530
002316
600758
002596
300029
002117
603099
600857
002491
002318
600876
002466
300332
002189
002187
000856
002492
300203
002520
002333
002200
002077
002209
603005
300026
002315
601313
002059
002134
300352
600421
600053
300053
600506
002280
002265
300397
002421
002158
002562
002351
000995
002513
300016
002691
300122
002553
000661
600201
000967
300383
002364
002499
000736
002615
002301
002560
000915
002452
002709
002037
300342
002335
002618
300274
002504
300238
300142
002656
002633
300286
002247
002458
002216
300253
603009
002519
600969
600305
300228
300081
002174
300054
300314
002446
002515
600136
002729
002661
002576
300365
300295
300222
300108
300320
300378
002703
002436
300196
300270
300004
300366
002667
300083
300281
300249
300368
300346
300391
300356
300367
300313
300345
300380
300236
002454
002179
002601
600658
600894
000785
600276
002579
002229
600890
002101
002330
000565
300158
002516
000048
000638
002289
002423
600299
600750
300097
601137
600860
600746
600462
300189
300303
002372
600099
002653
000923
002088
000018
002623
000906
601798
002252
300262
600561
600803
002482
002258
002192
000819
603111
300165
000671
600356
300071
002649
002698
300127
300207
002311
002670
002669
300234
600605
300239
000902
600486
600771
300139
002220
002282
000007
600463
601599
002507
000981
300216
002725
000885
300034
002530
002347
601888
300232
002471
600097
002125
600629
300351
002723
002711
603998
002552
300226
600167
300195
002228
002581
300283
601799
000560
300336
300255
300100
600552
300362
600671
300025
300032
603555
002675
000673
002368
002654
600184
002592
600419
300136
300347
000605
300199
300312
002625
300075
300291
300300
300271
300023
300384
300399
002680
002251
300009
601633
600248
000591
002529
002727
002726
600694
002387
002322
000953
600203
002658
600764
300028
002271
002026
603369
603399
300076
300217
300048
002090
002425
000893
300231
300162
600345
002606
600992
002214
002243
300192
600728
002427
002234
600083
002275
300148
002441
002116
002120
002044
300133
600579
600562
300335
601877
600389
300179
002472
002112
002557
300198
300031
002586
002327
002402
002057
300045
300224
000716
600615
600697
600436
600990
600721
002343
000681
000838
002382
000963
600241
300144
002652
002324
300297
603001
300334
600262
002706
002455
600250
300376
600985
300114
300163
300180
300099
002373
300375
000639
300121
002503
002323
300349
300212
300019
002687
300036
300223
002624
300298
300120
300388
300285
300369
300066
002522
300267
300359
300098
300085
002718
600593
002690
300173
300390
300069
000409
002511
300358
002150
002138
002677
000791
300150
002341
000019
002152
002532
600392
002534
002383
002375
600729
600468
002733
300408
002683
002603
002305
603166
002419
000586
002732
300090
300245
000908
300402
300208
000669
300178
002010
300337
300040
300304
300035
300403
300103
002346
600476
300339
000025
002475
002361
300154
000971
002374
002602
002464
002253
300227
300116
002281
002696
002002
300254
002196
300101
300311
300050
300296
002643
300190
600335
300126
300396
002590
300330
300159
600706
300393
300401
300243
002621
300299
300292
300087
603456
300167
300405
002409
002380
300407
300182
300252
300395
000985
300370
002514
603006
002481
000555
300290
300409
300371
300400
300328
300302
300279
002558
300411
600892
000501
002678
002036
002585
300067
002410
300074
300188
300413
002284
300200
002227
002682
600617
002291
000546
300164
601126
002365
300284
600148
603518
603020
300353
600733
002588
002502
002730
300364
600560
300012
300117
600850
603788
300374
002545
300386
300123
300319
002395
300344
002388
002728
000779
603306
300220
300078
002032
300095
603003
000004
002740
300138
002632
300392
603368
002743
603010
300420
300398
603686
300310
300294
300258
002338
300389
300062
300331
603678
300419
600847
300282
300202
002735
300266
600422
002394
002737
300235
603288
002617
300197
601789
002072
300201
002144
002205
002396
002731
300015
000056
300241
300161
300082
300406
000719
300112
000028
300360
300057
002738
300160
002587
600365
603606
000888
002541
600781
300106
002143
002686
002546
300042
300184
603088
300061
300256
603636
300287
002262
300269
300141
300275
300259
300092
300218
300131
300382
300006
300145
002589
603011
603899
603969
300172
300119
300225
002398
002238
603222
300149
002591
603018
300166
002742
300046
300326
603168
603988
002549
603889
603611
002607
603600
300289
603588
603558
300416
300257
300210
300410
300417
000035
603015
002140
002494
002741
300272
002746
603199
300229
603158
002671
002749
603828
300415
601021
603939
603268
300107
603309
603519
002734
603601
300394
300244
603017
300233
300343
603898
300293
300001
300322
603338
